f=@(x) x*exp(x)

f =

  <a href="matlab:helpPopup function_handle" style="font-weight:bold">function_handle</a> with value:

    @(x)x*exp(x)

t = romberg(f,0,1,5)

t =

   1.359140914229523                   0                   0                   0                   0
   1.091750774789793   1.002620728309884                   0                   0                   0
   1.023064479052757   1.000169047140412   1.000005601729114                   0                   0
   1.005774107367820   1.000010650139507   1.000000090339447   1.000000002857071                   0
   1.001444027067708   1.000000666967670   1.000000001422881   1.000000000011507   1.000000000000348

syms f(x)
f(x) = x*exp(x)
 
f(x) =
 
x*exp(x)
 
ans = int(f(x),[0,1])
 
ans =
 
1
 
error1 = abs(1-t1)

error1 =

   0.831529931094524

error2 = abs(1-t2)

error2 =

   0.831830810703287

diary off
