f=@(x) x.^2*log(x)

f =

  <a href="matlab:helpPopup function_handle" style="font-weight:bold">function_handle</a> with value:

    @(x)x.^2*log(x)

[int,m]=adapquad(f,1,3,10,(0.5e-8),'simp')

int =

     0


m =

     1

[int,m]=adapquad(f,1,3,10,(0.5e-8),'simps')

si =

   6.992621828990703


si =

   1.070295782535543


si =

   5.927894602851108


si =

   2.076728556236159


si =

   3.851271270875039


si =

   1.665712131915972


si =

   2.185561834789559


si =

   1.022873074602738


si =

   1.162688837142110


si =

   0.563242114926313


si =

   0.599446724518576


si =

   0.494582248650331


si =

   0.528290828464453


si =

   0.772757151676352


si =

   0.892955072559781


si =

   0.430849552308408


si =

   0.462105523002563


si =

   0.371954175560725


si =

   0.400802979141813


si =

   0.853871921760763


si =

   1.222860665712506


si =

   0.560767619352356


si =

   0.662093159153259


si =

   0.317801932594322


si =

   0.344291229903512


si =

   0.168761389572741


si =

   0.175529840432648


si =

   0.155662671818555


si =

   0.162139260883004


si =

   0.268293862212731


si =

   0.292473760855616


si =

   0.143142931298193


si =

   0.149330829670457


si =

   0.131195699480596


si =

   0.137098162851447


si =

   0.385297312834634


si =

   0.468574749844292


si =

   0.223325717337482


si =

   0.245249036659709


si =

   0.119814331750538


si =

   0.125434705035300


si =

   0.108991997551660


si =

   0.114333719919368


si =

   0.182787367952127


si =

   0.202509949554160


si =

   0.098721669677810


si =

   0.103788280017989


si =

   0.088996112611634


si =

   0.093791255490984


si =

   0.192245307413098


si =

   0.878348218141006


si =

   0.323095672832909


si =

   0.555259222746631


si =

   0.244554140761831


si =

   0.310705263030982


si =

   0.146562096728070


si =

   0.164143171596967


si =

   0.079807869793908


si =

   0.084335301963256


si =

   0.071149249688744


si =

   0.075412847210201


si =

   0.114525759942809


si =

   0.130028386868696


si =

   0.063012310487802


si =

   0.067016076563551


si =

   0.055388843270273


si =

   0.059136916868237


si =

   0.136512771997866


si =

   0.186583141961851


si =

   0.086545776956228


si =

   0.100037371985058


si =

   0.048270353403446


si =

   0.051767018791805


si =

   0.041648039929827


si =

   0.044897737252759


si =

   0.062479898053163


si =

   0.074032882085981


si =

   0.035512772639214


si =

   0.038520109691228


si =

   0.029855066465403


si =

   0.032624831852587


si =

   0.039372434039121


si =

   0.152886026406489


si =

   0.058844409220394


si =

   0.094041954164907


si =

   0.042174680608663


si =

   0.051867283175655


si =

   0.024665052774273


si =

   0.027202230689229


si =

   0.019932447018520


si =

   0.022242233904148


si =

   0.025463573428449


si =

   0.033380847331964


si =

   0.015646512118646


si =

   0.017734335557217


si =

   0.011796016782173


si =

   0.013667557024550


si =

   0.008808900258176


si =

   0.030564037685583


si =

   0.012164461986503


si =

   0.018399589798218


si =

   0.008369187782480


si =

   0.010030402433810


si =

   0.005353654970011


si =

   0.006810807480992


si =

   0.002076450683311


si =

   0.006732467189636


si =

   0.002736387459955


si =

   0.003996080248793


si =

     5.036190002571002e-04


si =

   0.001572832267010


int =

   6.998621708020413


m =

    56

diary off
