[t,y]=euler1([0,1],1,10)

z =

     0


z =

   0.010000000000000


z =

   0.040040000000000


z =

   0.090450360000000


z =

   0.162247845760000


z =

   0.257568455144000


z =

   0.380171039792544


z =

   0.536083407334130


z =

   0.734499910913963


z =

   0.989095942534515


t =

  Columns 1 through 5

                   0   0.100000000000000   0.200000000000000   0.300000000000000   0.400000000000000

  Columns 6 through 10

   0.500000000000000   0.600000000000000   0.700000000000000   0.800000000000000   0.900000000000000

  Column 11

   1.000000000000000


y =

  Columns 1 through 5

   1.000000000000000   1.000000000000000   1.001000000000000   1.005004000000000   1.014049036000000

  Columns 6 through 10

   1.030273820576000   1.056030666090400   1.094047770069654   1.147656110803067   1.221106101894464

  Column 11

   1.320015696147915

[t,y]=euler1([0,1],1,20)

z =

     0


z =

   0.002500000000000


z =

   0.010001250000000


z =

   0.022514063906250


z =

   0.040070030627813


z =

   0.062734641701669


z =

   0.090620189938061


z =

   0.123899196079064


z =

   0.162818714978023


z =

   0.207715975633213


z =

   0.259035925785801


z =

   0.317351388578330


z =

   0.383386704790108


z =

   0.458045940732637


z =

   0.542447003557399


z =

   0.637963341364923


z =

   0.746275339765546


z =

   0.869434091931228


z =

   1.009940958874488


z =

   1.170847308465786


t =

  Columns 1 through 5

                   0   0.050000000000000   0.100000000000000   0.150000000000000   0.200000000000000

  Columns 6 through 10

   0.250000000000000   0.300000000000000   0.350000000000000   0.400000000000000   0.450000000000000

  Columns 11 through 15

   0.500000000000000   0.550000000000000   0.600000000000000   0.650000000000000   0.700000000000000

  Columns 16 through 20

   0.750000000000000   0.800000000000000   0.850000000000000   0.900000000000000   0.950000000000000

  Column 21

   1.000000000000000


y =

  Columns 1 through 5

   1.000000000000000   1.000000000000000   1.000125000000000   1.000625062500000   1.001750765695312

  Columns 6 through 10

   1.003754267226703   1.006890999311786   1.011422008808690   1.017616968612643   1.025757904361544

  Columns 11 through 15

   1.036143703143205   1.049095499432495   1.064963068861411   1.084132404100917   1.107034701137549

  Columns 16 through 20

   1.134157051315418   1.166055218383665   1.203368985371942   1.246840689968503   1.297337737912228

  Column 21

   1.355880103335517

[t,y]=euler1([0,1],1,40)

z =

     0


z =

     6.250000000000001e-04


z =

   0.002500039062500


z =

   0.005625439458618


z =

   0.010002187619630


z =

   0.015632325260211


z =

   0.022519341557663


z =

   0.030668567379921


z =

   0.040087572900339


z =

   0.050786570286443


z =

   0.062778823505508


z =

   0.076081067654855


z =

   0.090713940603043


z =

   0.106702430123809


z =

   0.124076340122826


z =

   0.142870780003835


z =

   0.163126681702157


z =

   0.184891349437387


z =

   0.208219047811936


z =

   0.233171634517518


z =

   0.259819244618801


z =

   0.288241034174680


z =

   0.318525991847125


z =

   0.350773828151629


z =

   0.385095953140204


z =

   0.421616554599030


z =

   0.460473790312263


z =

   0.501821109619314


z =

   0.545828721407023


z =

   0.592685227867885


z =

   0.642599445863619


z =

   0.695802440609782


z =

   0.752549799699514


z =

   0.813124179280014


z =

   0.877838158562347


z =

   0.947037443874732


z =

   1.021104469268383


z =

   1.100462447377772


z =

   1.185579931970059


z =

   1.276975962562734


t =

  Columns 1 through 5

                   0   0.025000000000000   0.050000000000000   0.075000000000000   0.100000000000000

  Columns 6 through 10

   0.125000000000000   0.150000000000000   0.175000000000000   0.200000000000000   0.225000000000000

  Columns 11 through 15

   0.250000000000000   0.275000000000000   0.300000000000000   0.325000000000000   0.350000000000000

  Columns 16 through 20

   0.375000000000000   0.400000000000000   0.425000000000000   0.450000000000000   0.475000000000000

  Columns 21 through 25

   0.500000000000000   0.525000000000000   0.550000000000000   0.575000000000000   0.600000000000000

  Columns 26 through 30

   0.625000000000000   0.650000000000000   0.675000000000000   0.700000000000000   0.725000000000000

  Columns 31 through 35

   0.750000000000000   0.775000000000000   0.800000000000000   0.825000000000000   0.850000000000000

  Columns 36 through 40

   0.875000000000000   0.900000000000000   0.925000000000000   0.950000000000001   0.975000000000001

  Column 41

   1.000000000000000


y =

  Columns 1 through 5

   1.000000000000000   1.000000000000000   1.000015625000000   1.000078125976563   1.000218761963028

  Columns 6 through 10

   1.000468816653519   1.000859624785024   1.001422608323966   1.002189322508464   1.003191511830972

  Columns 11 through 15

   1.004461176088133   1.006030646675771   1.007932673367142   1.010200521882218   1.012868082635314

  Columns 16 through 20

   1.015969991138384   1.019541760638480   1.023619927681034   1.028242211416968   1.033447687612267

  Columns 21 through 25

   1.039276978475205   1.045772459590675   1.052978485445042   1.060941635241220   1.069710980945011

  Columns 26 through 30

   1.079338379773516   1.089878793638492   1.101390638396298   1.113936166136781   1.127581884171957

  Columns 31 through 35

   1.142399014868654   1.158464001015244   1.175859062030489   1.194672807022977   1.215000911504977

  Columns 36 through 40

   1.236946865469036   1.260622801565904   1.286150413297614   1.313661974482058   1.343301472781310

  Column 41

   1.375225871845378

diary off
