f=@(t,y) (t.^2*y)

f =

  <a href="matlab:helpPopup function_handle" style="font-weight:bold">function_handle</a> with value:

    @(t,y)(t.^2*y)

r=@(t) (exp((t.^3)/3))

r =

  <a href="matlab:helpPopup function_handle" style="font-weight:bold">function_handle</a> with value:

    @(t)(exp((t.^3)/3))

[t,w,g] = etrap(1,0,1,f,r,10)

t =

  Columns 1 through 5

                   0   0.100000000000000   0.200000000000000   0.300000000000000   0.400000000000000

  Columns 6 through 10

   0.500000000000000   0.600000000000000   0.700000000000000   0.800000000000000   0.900000000000000

  Columns 11 through 12

   1.000000000000000   1.100000000000000


w =

  Columns 1 through 5

   1.000000000000000   1.000500000000000   1.003003251000000   1.009540826190018   1.022232773456879

  Columns 6 through 10

   1.043392991867437   1.075686004965734   1.122351415233157   1.187524117212916   1.276697678222669

  Columns 11 through 12

   1.397409443698622   1.560277514361696


g =

  Columns 1 through 5

                   0   0.000166611104938   0.000333025615176   0.000500204416150   0.000670257727942

  Columns 6 through 10

   0.000846086677445   0.001030660901920   0.001225644036450   0.001428799198716   0.001629054104209

  Column 11

   0.001797018612533

diary off
